{
 "cells": [
  {
   "cell_type": "code",
   "execution_count": 1,
   "metadata": {},
   "outputs": [],
   "source": [
    "import pandas as pd"
   ]
  },
  {
   "cell_type": "code",
   "execution_count": 4,
   "metadata": {},
   "outputs": [
    {
     "data": {
      "text/html": [
       "<div>\n",
       "<style scoped>\n",
       "    .dataframe tbody tr th:only-of-type {\n",
       "        vertical-align: middle;\n",
       "    }\n",
       "\n",
       "    .dataframe tbody tr th {\n",
       "        vertical-align: top;\n",
       "    }\n",
       "\n",
       "    .dataframe thead th {\n",
       "        text-align: right;\n",
       "    }\n",
       "</style>\n",
       "<table border=\"1\" class=\"dataframe\">\n",
       "  <thead>\n",
       "    <tr style=\"text-align: right;\">\n",
       "      <th></th>\n",
       "      <th>Unnamed: 0</th>\n",
       "      <th>mpg</th>\n",
       "      <th>cyl</th>\n",
       "      <th>disp</th>\n",
       "      <th>hp</th>\n",
       "      <th>drat</th>\n",
       "      <th>wt</th>\n",
       "      <th>qsec</th>\n",
       "      <th>vs</th>\n",
       "      <th>am</th>\n",
       "      <th>gear</th>\n",
       "      <th>carb</th>\n",
       "    </tr>\n",
       "  </thead>\n",
       "  <tbody>\n",
       "    <tr>\n",
       "      <th>0</th>\n",
       "      <td>Mazda RX4</td>\n",
       "      <td>21.0</td>\n",
       "      <td>6</td>\n",
       "      <td>160.0</td>\n",
       "      <td>110</td>\n",
       "      <td>3.90</td>\n",
       "      <td>2.620</td>\n",
       "      <td>16.46</td>\n",
       "      <td>0</td>\n",
       "      <td>1</td>\n",
       "      <td>4</td>\n",
       "      <td>4</td>\n",
       "    </tr>\n",
       "    <tr>\n",
       "      <th>1</th>\n",
       "      <td>Mazda RX4 Wag</td>\n",
       "      <td>21.0</td>\n",
       "      <td>6</td>\n",
       "      <td>160.0</td>\n",
       "      <td>110</td>\n",
       "      <td>3.90</td>\n",
       "      <td>2.875</td>\n",
       "      <td>17.02</td>\n",
       "      <td>0</td>\n",
       "      <td>1</td>\n",
       "      <td>4</td>\n",
       "      <td>4</td>\n",
       "    </tr>\n",
       "    <tr>\n",
       "      <th>2</th>\n",
       "      <td>Datsun 710</td>\n",
       "      <td>22.8</td>\n",
       "      <td>4</td>\n",
       "      <td>108.0</td>\n",
       "      <td>93</td>\n",
       "      <td>3.85</td>\n",
       "      <td>2.320</td>\n",
       "      <td>18.61</td>\n",
       "      <td>1</td>\n",
       "      <td>1</td>\n",
       "      <td>4</td>\n",
       "      <td>1</td>\n",
       "    </tr>\n",
       "    <tr>\n",
       "      <th>3</th>\n",
       "      <td>Hornet 4 Drive</td>\n",
       "      <td>21.4</td>\n",
       "      <td>6</td>\n",
       "      <td>258.0</td>\n",
       "      <td>110</td>\n",
       "      <td>3.08</td>\n",
       "      <td>3.215</td>\n",
       "      <td>19.44</td>\n",
       "      <td>1</td>\n",
       "      <td>0</td>\n",
       "      <td>3</td>\n",
       "      <td>1</td>\n",
       "    </tr>\n",
       "    <tr>\n",
       "      <th>4</th>\n",
       "      <td>Hornet Sportabout</td>\n",
       "      <td>18.7</td>\n",
       "      <td>8</td>\n",
       "      <td>360.0</td>\n",
       "      <td>175</td>\n",
       "      <td>3.15</td>\n",
       "      <td>3.440</td>\n",
       "      <td>17.02</td>\n",
       "      <td>0</td>\n",
       "      <td>0</td>\n",
       "      <td>3</td>\n",
       "      <td>2</td>\n",
       "    </tr>\n",
       "  </tbody>\n",
       "</table>\n",
       "</div>"
      ],
      "text/plain": [
       "          Unnamed: 0   mpg  cyl   disp   hp  drat     wt   qsec  vs  am  gear  \\\n",
       "0          Mazda RX4  21.0    6  160.0  110  3.90  2.620  16.46   0   1     4   \n",
       "1      Mazda RX4 Wag  21.0    6  160.0  110  3.90  2.875  17.02   0   1     4   \n",
       "2         Datsun 710  22.8    4  108.0   93  3.85  2.320  18.61   1   1     4   \n",
       "3     Hornet 4 Drive  21.4    6  258.0  110  3.08  3.215  19.44   1   0     3   \n",
       "4  Hornet Sportabout  18.7    8  360.0  175  3.15  3.440  17.02   0   0     3   \n",
       "\n",
       "   carb  \n",
       "0     4  \n",
       "1     4  \n",
       "2     1  \n",
       "3     1  \n",
       "4     2  "
      ]
     },
     "execution_count": 4,
     "metadata": {},
     "output_type": "execute_result"
    }
   ],
   "source": [
    "df = pd.read_csv('Data/mtcars.csv')\n",
    "df.head()"
   ]
  },
  {
   "cell_type": "code",
   "execution_count": 5,
   "metadata": {},
   "outputs": [
    {
     "data": {
      "text/html": [
       "<div>\n",
       "<style scoped>\n",
       "    .dataframe tbody tr th:only-of-type {\n",
       "        vertical-align: middle;\n",
       "    }\n",
       "\n",
       "    .dataframe tbody tr th {\n",
       "        vertical-align: top;\n",
       "    }\n",
       "\n",
       "    .dataframe thead th {\n",
       "        text-align: right;\n",
       "    }\n",
       "</style>\n",
       "<table border=\"1\" class=\"dataframe\">\n",
       "  <thead>\n",
       "    <tr style=\"text-align: right;\">\n",
       "      <th></th>\n",
       "      <th>mpg</th>\n",
       "      <th>cyl</th>\n",
       "      <th>disp</th>\n",
       "      <th>hp</th>\n",
       "      <th>drat</th>\n",
       "      <th>wt</th>\n",
       "      <th>qsec</th>\n",
       "      <th>vs</th>\n",
       "      <th>am</th>\n",
       "      <th>gear</th>\n",
       "      <th>carb</th>\n",
       "    </tr>\n",
       "  </thead>\n",
       "  <tbody>\n",
       "    <tr>\n",
       "      <th>mpg</th>\n",
       "      <td>1.000000</td>\n",
       "      <td>-0.852162</td>\n",
       "      <td>-0.847551</td>\n",
       "      <td>-0.776168</td>\n",
       "      <td>0.681172</td>\n",
       "      <td>-0.867659</td>\n",
       "      <td>0.418684</td>\n",
       "      <td>0.664039</td>\n",
       "      <td>0.599832</td>\n",
       "      <td>0.480285</td>\n",
       "      <td>-0.550925</td>\n",
       "    </tr>\n",
       "    <tr>\n",
       "      <th>cyl</th>\n",
       "      <td>-0.852162</td>\n",
       "      <td>1.000000</td>\n",
       "      <td>0.902033</td>\n",
       "      <td>0.832447</td>\n",
       "      <td>-0.699938</td>\n",
       "      <td>0.782496</td>\n",
       "      <td>-0.591242</td>\n",
       "      <td>-0.810812</td>\n",
       "      <td>-0.522607</td>\n",
       "      <td>-0.492687</td>\n",
       "      <td>0.526988</td>\n",
       "    </tr>\n",
       "    <tr>\n",
       "      <th>disp</th>\n",
       "      <td>-0.847551</td>\n",
       "      <td>0.902033</td>\n",
       "      <td>1.000000</td>\n",
       "      <td>0.790949</td>\n",
       "      <td>-0.710214</td>\n",
       "      <td>0.887980</td>\n",
       "      <td>-0.433698</td>\n",
       "      <td>-0.710416</td>\n",
       "      <td>-0.591227</td>\n",
       "      <td>-0.555569</td>\n",
       "      <td>0.394977</td>\n",
       "    </tr>\n",
       "    <tr>\n",
       "      <th>hp</th>\n",
       "      <td>-0.776168</td>\n",
       "      <td>0.832447</td>\n",
       "      <td>0.790949</td>\n",
       "      <td>1.000000</td>\n",
       "      <td>-0.448759</td>\n",
       "      <td>0.658748</td>\n",
       "      <td>-0.708223</td>\n",
       "      <td>-0.723097</td>\n",
       "      <td>-0.243204</td>\n",
       "      <td>-0.125704</td>\n",
       "      <td>0.749812</td>\n",
       "    </tr>\n",
       "    <tr>\n",
       "      <th>drat</th>\n",
       "      <td>0.681172</td>\n",
       "      <td>-0.699938</td>\n",
       "      <td>-0.710214</td>\n",
       "      <td>-0.448759</td>\n",
       "      <td>1.000000</td>\n",
       "      <td>-0.712441</td>\n",
       "      <td>0.091205</td>\n",
       "      <td>0.440278</td>\n",
       "      <td>0.712711</td>\n",
       "      <td>0.699610</td>\n",
       "      <td>-0.090790</td>\n",
       "    </tr>\n",
       "    <tr>\n",
       "      <th>wt</th>\n",
       "      <td>-0.867659</td>\n",
       "      <td>0.782496</td>\n",
       "      <td>0.887980</td>\n",
       "      <td>0.658748</td>\n",
       "      <td>-0.712441</td>\n",
       "      <td>1.000000</td>\n",
       "      <td>-0.174716</td>\n",
       "      <td>-0.554916</td>\n",
       "      <td>-0.692495</td>\n",
       "      <td>-0.583287</td>\n",
       "      <td>0.427606</td>\n",
       "    </tr>\n",
       "    <tr>\n",
       "      <th>qsec</th>\n",
       "      <td>0.418684</td>\n",
       "      <td>-0.591242</td>\n",
       "      <td>-0.433698</td>\n",
       "      <td>-0.708223</td>\n",
       "      <td>0.091205</td>\n",
       "      <td>-0.174716</td>\n",
       "      <td>1.000000</td>\n",
       "      <td>0.744535</td>\n",
       "      <td>-0.229861</td>\n",
       "      <td>-0.212682</td>\n",
       "      <td>-0.656249</td>\n",
       "    </tr>\n",
       "    <tr>\n",
       "      <th>vs</th>\n",
       "      <td>0.664039</td>\n",
       "      <td>-0.810812</td>\n",
       "      <td>-0.710416</td>\n",
       "      <td>-0.723097</td>\n",
       "      <td>0.440278</td>\n",
       "      <td>-0.554916</td>\n",
       "      <td>0.744535</td>\n",
       "      <td>1.000000</td>\n",
       "      <td>0.168345</td>\n",
       "      <td>0.206023</td>\n",
       "      <td>-0.569607</td>\n",
       "    </tr>\n",
       "    <tr>\n",
       "      <th>am</th>\n",
       "      <td>0.599832</td>\n",
       "      <td>-0.522607</td>\n",
       "      <td>-0.591227</td>\n",
       "      <td>-0.243204</td>\n",
       "      <td>0.712711</td>\n",
       "      <td>-0.692495</td>\n",
       "      <td>-0.229861</td>\n",
       "      <td>0.168345</td>\n",
       "      <td>1.000000</td>\n",
       "      <td>0.794059</td>\n",
       "      <td>0.057534</td>\n",
       "    </tr>\n",
       "    <tr>\n",
       "      <th>gear</th>\n",
       "      <td>0.480285</td>\n",
       "      <td>-0.492687</td>\n",
       "      <td>-0.555569</td>\n",
       "      <td>-0.125704</td>\n",
       "      <td>0.699610</td>\n",
       "      <td>-0.583287</td>\n",
       "      <td>-0.212682</td>\n",
       "      <td>0.206023</td>\n",
       "      <td>0.794059</td>\n",
       "      <td>1.000000</td>\n",
       "      <td>0.274073</td>\n",
       "    </tr>\n",
       "    <tr>\n",
       "      <th>carb</th>\n",
       "      <td>-0.550925</td>\n",
       "      <td>0.526988</td>\n",
       "      <td>0.394977</td>\n",
       "      <td>0.749812</td>\n",
       "      <td>-0.090790</td>\n",
       "      <td>0.427606</td>\n",
       "      <td>-0.656249</td>\n",
       "      <td>-0.569607</td>\n",
       "      <td>0.057534</td>\n",
       "      <td>0.274073</td>\n",
       "      <td>1.000000</td>\n",
       "    </tr>\n",
       "  </tbody>\n",
       "</table>\n",
       "</div>"
      ],
      "text/plain": [
       "           mpg       cyl      disp        hp      drat        wt      qsec  \\\n",
       "mpg   1.000000 -0.852162 -0.847551 -0.776168  0.681172 -0.867659  0.418684   \n",
       "cyl  -0.852162  1.000000  0.902033  0.832447 -0.699938  0.782496 -0.591242   \n",
       "disp -0.847551  0.902033  1.000000  0.790949 -0.710214  0.887980 -0.433698   \n",
       "hp   -0.776168  0.832447  0.790949  1.000000 -0.448759  0.658748 -0.708223   \n",
       "drat  0.681172 -0.699938 -0.710214 -0.448759  1.000000 -0.712441  0.091205   \n",
       "wt   -0.867659  0.782496  0.887980  0.658748 -0.712441  1.000000 -0.174716   \n",
       "qsec  0.418684 -0.591242 -0.433698 -0.708223  0.091205 -0.174716  1.000000   \n",
       "vs    0.664039 -0.810812 -0.710416 -0.723097  0.440278 -0.554916  0.744535   \n",
       "am    0.599832 -0.522607 -0.591227 -0.243204  0.712711 -0.692495 -0.229861   \n",
       "gear  0.480285 -0.492687 -0.555569 -0.125704  0.699610 -0.583287 -0.212682   \n",
       "carb -0.550925  0.526988  0.394977  0.749812 -0.090790  0.427606 -0.656249   \n",
       "\n",
       "            vs        am      gear      carb  \n",
       "mpg   0.664039  0.599832  0.480285 -0.550925  \n",
       "cyl  -0.810812 -0.522607 -0.492687  0.526988  \n",
       "disp -0.710416 -0.591227 -0.555569  0.394977  \n",
       "hp   -0.723097 -0.243204 -0.125704  0.749812  \n",
       "drat  0.440278  0.712711  0.699610 -0.090790  \n",
       "wt   -0.554916 -0.692495 -0.583287  0.427606  \n",
       "qsec  0.744535 -0.229861 -0.212682 -0.656249  \n",
       "vs    1.000000  0.168345  0.206023 -0.569607  \n",
       "am    0.168345  1.000000  0.794059  0.057534  \n",
       "gear  0.206023  0.794059  1.000000  0.274073  \n",
       "carb -0.569607  0.057534  0.274073  1.000000  "
      ]
     },
     "execution_count": 5,
     "metadata": {},
     "output_type": "execute_result"
    }
   ],
   "source": [
    "df.corr()"
   ]
  },
  {
   "cell_type": "code",
   "execution_count": null,
   "metadata": {},
   "outputs": [],
   "source": []
  }
 ],
 "metadata": {
  "kernelspec": {
   "display_name": "Python 3",
   "language": "python",
   "name": "python3"
  },
  "language_info": {
   "codemirror_mode": {
    "name": "ipython",
    "version": 3
   },
   "file_extension": ".py",
   "mimetype": "text/x-python",
   "name": "python",
   "nbconvert_exporter": "python",
   "pygments_lexer": "ipython3",
   "version": "3.8.6rc1"
  }
 },
 "nbformat": 4,
 "nbformat_minor": 4
}
